data; 
param n :=6; #numero de cidades 

set I:= 1 2 3 4 5 6; #cidades de 
set J:= 1 2 3 4 5 6; #cidades para 

#Matriz de Custos:
param C:     1     2     3     4     5     6:=
		1   0  2.24  1993.15  8.6  7.62  8.06 
		2   2.24  0  1990.91  1989.56  6.08  7.62 
		3   1993.15  1990.91  0  4.47  6.32  10.44 
		4   8.6  1989.56  4.47  0  2.0  6.08 
		5   7.62  6.08  6.32  2.0  0  4.12 
		6   8.06  7.62  10.44  6.08  4.12  0 ;
 end;